10 10
2100.0 1400.0 140.0 560.0 700.0 1680.0 -1820.0 8260.0 6300.0 280.0 
2100.0 1400.0 140.0 560.0 700.0 1680.0 -1820.0 8260.0 6300.0 280.0 
2100.0 1400.0 140.0 560.0 700.0 1680.0 -1820.0 8260.0 6300.0 280.0 
2100.0 1400.0 140.0 560.0 700.0 1680.0 -1820.0 8260.0 6300.0 280.0 
2100.0 1400.0 140.0 560.0 700.0 1680.0 -1820.0 8260.0 6300.0 280.0 
2100.0 1400.0 140.0 560.0 700.0 1680.0 -1820.0 8260.0 6300.0 280.0 
2100.0 1400.0 140.0 560.0 700.0 1680.0 -1820.0 8260.0 6300.0 280.0 
2100.0 1400.0 140.0 560.0 700.0 1680.0 -1820.0 8260.0 6300.0 280.0 
2100.0 1400.0 140.0 560.0 700.0 1680.0 -1820.0 8260.0 6300.0 280.0 
2100.0 1400.0 140.0 560.0 700.0 1680.0 -1820.0 8260.0 6300.0 280.0 
