30 30
1.5 10 1 4 5 12 -13 59 45 2 1 -4 5.5 69 34 8.4 5.5 10 1 0 45 33 20 -45 23 11 10 45 6.4 20
1.5 10 1 4 5 12 -13 59 45 2 1 -4 5.5 69 34 8.4 5.5 10 1 0 45 33 20 -45 23 11 10 45 6.4 20
-5 10 1 4 5 12 -13 59 45 2 1 -4 5.5 69 34 8.4 5.5 10 1 0 45 33 20 -45 23 11 10 45 6.4 20
9.5 10 1 4 5 12 -13 59 45 2 1 -4 5.5 69 34 8.4 5.5 10 1 0 45 33 20 -45 23 11 10 45 6.4 20
1.5 10 1 4 5 12 -13 60 45 2 1 -4 5.5 69 34 8.4 5.5 10 1 0 45 33 20 -45 23 11 10 45 6.4 20
15 10 1 4 5 12 -13 59 45 2 1 -4 5.5 69 34 8.4 5.5 10 1 0 45 33 20 -45 23 11 10 45 6.4 20
1.6 10 1 4 5 12 -13 59 45 2 1 -4 5.5 69 34 8.4 5.5 10 1 0 45 33 20 -45 23 11 10 45 6.4 20
2.7 10 1 4 5 12 -13 59 45 2 1 -4 5.5 69 34 8.4 5.5 10 1 0 45 33 20 -45 23 11 10 45 6.4 20
1.5 10 1 4 5 12 -13 59 45 2 1 -4 5.5 69 34 8.4 5.5 10 1 0 45 33 20 -45 23 11 10 45 6.4 20
1.5 10 1 4 5 12 -13 59 45 2 1 -4 5.5 69 34 8.4 5.5 10 1 0 45 33 20 -45 23 11 10 45 6.4 20
-1.5 10 1 4 5 12 -13 59 45 2 1 -4 5.5 69 34 8.4 5.5 10 1 0 45 33 20 -45 23 11 10 45 6.4 20
1.5 10 1 4 5 12 -13 59 45 2 1 -4 5.5 69 34 8.4 5.5 10 1 0 45 33 20 -45 23 11 10 45 6.4 20
2.5 10 1 4 5 12 -13 59 45 2 1 -4 5.5 69 34 8.4 5.5 10 1 0 45 33 20 -45 23 11 10 45 6.4 20
1.5 10 1 4 5 12 -13 59 45 2 1 -4 5.5 69 34 8.4 5.5 10 1 0 45 33 20 -45 23 11 10 45 6.4 20
7.5 10 1 4 5 12 -13 59 45 2 1 -4 5.5 69 34 8.4 5.5 10 1 0 45 33 20 -45 23 11 10 45 6.4 20
18.5 10 1 4 5 12 -13 59 45 2 1 -4 5.5 69 34 8.4 5.5 10 1 0 45 33 20 -45 23 11 10 45 6.4 20
1.5 10 1 4 5 12 -13 27 45 2 1 -4 5.5 69 34 8.4 5.5 10 1 0 45 33 20 -45 23 11 10 45 6.4 20
1.5 10 1 4 5 12 -13 59 45 2 1 -4 5.5 69 34 8.4 5.5 10 1 0 45 33 20 -45 23 11 10 45 6.4 20
1.5 10 1 4 5 12 -13 59 45 2 1 -4 5.5 69 34 8.4 5.5 10 1 0 45 33 20 -45 23 11 10 45 6.4 20
1.5 10 1 4 5 12 -13 59 45 2 1 -4 5.5 69 34 8.4 5.5 10 1 0 45 33 20 -45 23 11 10 45 6.4 20
11.5 10 1 4 5 12 -13 59 45 2 1 -4 5.5 69 34 8.4 5.5 10 1 0 45 33 20 -45 23 11 10 45 6.4 20
41.5 10 1 4 5 12 -13 59 45 2 1 -4 5.5 69 34 8.4 5.5 10 1 0 45 33 20 -45 23 11 10 45 6.4 20
1.5 10 1 4 5 12 -13 52 45 2 1 -4 5.5 69 34 8.4 5.5 10 1 0 45 33 20 -45 23 11 10 45 6.4 20
-51.5 10 1 4 5 12 -13 59 45 2 1 -4 5.5 69 34 8.4 5.5 10 1 0 45 33 20 -45 23 11 10 45 6.4 20
1.5 10 1 4 5 12 -13 59 45 2 1 -4 5.5 69 34 8.4 5.5 10 1 0 45 33 20 -45 23 11 10 45 6.4 20
1.3 10 1 4 5 12 -13 59 45 2 1 -4 5.5 69 34 8.4 5.5 10 1 0 45 33 20 -45 23 11 10 45 6.4 20
1.7 10 1 4 5 12 -13 59 45 2 1 -4 5.5 69 34 8.4 5.5 10 1 0 45 33 20 -45 23 11 10 45 6.4 20
12.3 10 1 4 5 12 -13 59 45 2 1 -4 5.5 69 34 8.4 5.5 10 1 0 45 33 20 -45 23 11 10 45 6.4 20
15 10 1 4 5 12 -13 59 45 2 1 -4 5.5 69 34 8.4 5.5 10 1 0 45 33 20 -45 23 11 10 45 6.4 20
1.5 10 1 4 5 12 -13 59 45 2 1 -4 5.5 69 34 8.4 5.5 10 1 0 45 33 20 -45 23 11 10 45 6.4 20
